   612366.375       1.00999999    
   544004.312       1.01999998    
   483827.938       1.02999997    
   430791.812       1.03999996    
   383991.969       1.04999995    
   342646.656       1.05999994    
   306076.719       1.06999993    
   273694.375       1.07999992    
   244987.297       1.08999991    
   219511.109       1.09999990    
   196877.141       1.10999990    
   176747.234       1.11999989    
   158825.875       1.12999988    
   142854.125       1.13999987    
   128605.766       1.14999986    
   115882.148       1.15999985    
   104509.320       1.16999984    
   94334.0000       1.17999983    
   85221.7266       1.18999982    
   77053.8828       1.19999981    
   69725.8750       1.20999980    
   63145.6680       1.21999979    
   57231.6719       1.22999978    
   51911.8789       1.23999977    
   47122.5742       1.24999976    
   42807.2773       1.25999975    
   38915.8438       1.26999974    
   35403.8906       1.27999973    
   32231.8828       1.28999972    
   29364.6484       1.29999971    
   26770.9395       1.30999970    
   24422.9102       1.31999969    
   22295.7129       1.32999969    
   20367.1484       1.33999968    
   18617.4453       1.34999967    
   17028.8340       1.35999966    
   15585.5342       1.36999965    
   14273.3213       1.37999964    
   13079.5029       1.38999963    
   11992.6689       1.39999962    
   11002.5732       1.40999961    
   10100.0381       1.41999960    
   9276.79199       1.42999959    
   8525.39160       1.43999958    
   7839.14941       1.44999957    
   7212.03418       1.45999956    
   6638.61084       1.46999955    
   6113.96973       1.47999954    
   5633.68262       1.48999953    
   5193.74805       1.49999952    
   4790.54785       1.50999951    
   4420.81006       1.51999950    
   4081.56934       1.52999949    
   3770.14624       1.53999949    
   3484.10132       1.54999948    
   3221.23364       1.55999947    
   2979.54028       1.56999946    
   2757.20093       1.57999945    
   2552.55981       1.58999944    
   2364.12183       1.59999943    
   2190.51465       1.60999942    
   2030.49414       1.61999941    
   1882.92847       1.62999940    
   1746.78259       1.63999939    
   1621.11658       1.64999938    
   1505.07019       1.65999937    
   1397.85962       1.66999936    
   1298.76917       1.67999935    
   1207.14246       1.68999934    
   1122.38049       1.69999933    
   1043.93787       1.70999932    
   971.311768       1.71999931    
   904.043396       1.72999930    
   841.712036       1.73999929    
   783.933472       1.74999928    
   730.353149       1.75999928    
   680.646973       1.76999927    
   634.516602       1.77999926    
   591.689697       1.78999925    
   551.915161       1.79999924    
   514.960510       1.80999923    
   480.614319       1.81999922    
   448.681488       1.82999921    
   418.981476       1.83999920    
   391.349182       1.84999919    
   365.631226       1.85999918    
   341.687866       1.86999917    
   319.388641       1.87999916    
   298.614197       1.88999915    
   279.254089       1.89999914    
   261.206696       1.90999913    
   244.377182       1.91999912    
   228.679428       1.92999911    
   214.032288       1.93999910    
   200.361710       1.94999909    
   187.598877       1.95999908    
   175.680161       1.96999907    
   164.546722       1.97999907    
   154.143814       1.98999906    
   144.420990       1.99999905    
   135.331192       2.00999904    
   126.831375       2.01999903    
   118.880981       2.02999902    
   111.442696       2.03999901    
   104.481743       2.04999900    
   97.9661102       2.05999899    
   91.8658295       2.06999898    
   86.1530609       2.07999897    
   80.8019867       2.08999896    
   75.7886505       2.09999895    
   71.0907135       2.10999894    
   66.6873322       2.11999893    
   62.5593681       2.12999892    
   58.6886673       2.13999891    
   55.0585022       2.14999890    
   51.6533012       2.15999889    
   48.4585915       2.16999888    
   45.4607506       2.17999887    
   42.6471939       2.18999887    
   40.0060768       2.19999886    
   37.5265427       2.20999885    
   35.1982613       2.21999884    
   33.0116348       2.22999883    
   30.9578362       2.23999882    
   29.0284405       2.24999881    
   27.2157383       2.25999880    
   25.5123692       2.26999879    
   23.9115982       2.27999878    
   22.4070625       2.28999877    
   20.9927788       2.29999876    
   19.6632214       2.30999875    
   18.4131565       2.31999874    
   17.2377796       2.32999873    
   16.1324615       2.33999872    
   15.0929966       2.34999871    
   14.1153316       2.35999870    
   13.1957932       2.36999869    
   12.3308372       2.37999868    
   11.5171776       2.38999867    
   10.7517538       2.39999866    
   10.0316658       2.40999866    
   9.35420322       2.41999865    
   8.71684551       2.42999864    
   8.11720467       2.43999863    
   7.55303097       2.44999862    
   7.02224016       2.45999861    
   6.52287865       2.46999860    
   6.05306387       2.47999859    
   5.61108112       2.48999858    
   5.19529819       2.49999857    
   4.80418777       2.50999856    
   4.43629837       2.51999855    
   4.09028673       2.52999854    
   3.76487374       2.53999853    
   3.45886469       2.54999852    
   3.17113829       2.55999851    
   2.90063953       2.56999850    
   2.64636493       2.57999849    
   2.40738726       2.58999848    
   2.18281770       2.59999847    
   1.97183621       2.60999846    
   1.77365577       2.61999846    
   1.58754456       2.62999845    
   1.41281426       2.63999844    
   1.24880612       2.64999843    
   1.09490705       2.65999842    
  0.950546443       2.66999841    
  0.815172374       2.67999840    
  0.688277543       2.68999839    
  0.569374979       2.69999838    
  0.458005577       2.70999837    
  0.353745610       2.71999836    
  0.256189555       2.72999835    
  0.164950863       2.73999834    
   7.96712339E-02   2.74999833    
   1.26600262E-05   2.75999832    
  -7.43460059E-02   2.76999831    
 -0.143709019       2.77999830    
 -0.208359987       2.78999829    
 -0.268567890       2.79999828    
 -0.324588507       2.80999827    
 -0.376659632       2.81999826    
 -0.425008684       2.82999825    
 -0.469848394       2.83999825    
 -0.511380255       2.84999824    
 -0.549795806       2.85999823    
 -0.585273206       2.86999822    
 -0.617983758       2.87999821    
 -0.648086607       2.88999820    
 -0.675733149       2.89999819    
 -0.701066077       2.90999818    
 -0.724221647       2.91999817    
 -0.745325923       2.92999816    
 -0.764500380       2.93999815    
 -0.781857789       2.94999814    
 -0.797506154       2.95999813    
 -0.811546862       2.96999812    
 -0.824075818       2.97999811    
 -0.835183501       2.98999810    
 -0.844955981       2.99999809    
 -0.853473663       3.00999808    
 -0.860812902       3.01999807    
 -0.867046177       3.02999806    
 -0.872241318       3.03999805    
 -0.876463354       3.04999804    
 -0.879772365       3.05999804    
 -0.882226586       3.06999803    
 -0.883880019       3.07999802    
 -0.884783745       3.08999801    
 -0.884986758       3.09999800    
 -0.884534478       3.10999799    
 -0.883470416       3.11999798    
 -0.881835103       3.12999797    
 -0.879667461       3.13999796    
 -0.877003849       3.14999795    
 -0.873878539       3.15999794    
 -0.870324254       3.16999793    
 -0.866371334       3.17999792    
 -0.862048984       3.18999791    
 -0.857384443       3.19999790    
 -0.852403581       3.20999789    
 -0.847130656       3.21999788    
 -0.841588676       3.22999787    
 -0.835799158       3.23999786    
 -0.829782724       3.24999785    
 -0.823558688       3.25999784    
 -0.817144752       3.26999784    
 -0.810558796       3.27999783    
 -0.803816199       3.28999782    
 -0.796932518       3.29999781    
 -0.789921820       3.30999780    
 -0.782798052       3.31999779    
 -0.775573492       3.32999778    
 -0.768259883       3.33999777    
 -0.760868967       3.34999776    
 -0.753411055       3.35999775    
 -0.745896041       3.36999774    
 -0.738333046       3.37999773    
 -0.730731070       3.38999772    
 -0.723098397       3.39999771    
 -0.715442479       3.40999770    
 -0.707770526       3.41999769    
 -0.700089514       3.42999768    
 -0.692405522       3.43999767    
 -0.684724569       3.44999766    
 -0.677052438       3.45999765    
 -0.669393718       3.46999764    
 -0.661753833       3.47999763    
 -0.654137015       3.48999763    
 -0.646547258       3.49999762    
 -0.638988853       3.50999761    
 -0.631464958       3.51999760    
 -0.623979688       3.52999759    
 -0.616535246       3.53999758    
 -0.609135270       3.54999757    
 -0.601781845       3.55999756    
 -0.594477892       3.56999755    
 -0.587225258       3.57999754    
 -0.580026269       3.58999753    
 -0.572882831       3.59999752    
 -0.565796733       3.60999751    
 -0.558769226       3.61999750    
 -0.551802158       3.62999749    
 -0.544896722       3.63999748    
 -0.538053811       3.64999747    
 -0.531274736       3.65999746    
 -0.524560392       3.66999745    
 -0.517911494       3.67999744    
 -0.511328757       3.68999743    
 -0.504812777       3.69999743    
 -0.498364300       3.70999742    
 -0.491983622       3.71999741    
 -0.485671163       3.72999740    
 -0.479427248       3.73999739    
 -0.473251820       3.74999738    
 -0.467145175       3.75999737    
 -0.461107641       3.76999736    
 -0.455138922       3.77999735    
 -0.449239194       3.78999734    
 -0.443408340       3.79999733    
 -0.437646240       3.80999732    
 -0.431952775       3.81999731    
 -0.426327378       3.82999730    
 -0.420770317       3.83999729    
 -0.415280998       3.84999728    
 -0.409859419       3.85999727    
 -0.404504687       3.86999726    
 -0.399216890       3.87999725    
 -0.393995315       3.88999724    
 -0.388839781       3.89999723    
 -0.383749813       3.90999722    
 -0.378724843       3.91999722    
 -0.373764426       3.92999721    
 -0.368867993       3.93999720    
 -0.364035070       3.94999719    
 -0.359265029       3.95999718    
 -0.354557633       3.96999717    
 -0.349911839       3.97999716    
 -0.345327377       3.98999715    
 -0.340803504       3.99999714    
 -0.336339772       4.00999737    
 -0.331935406       4.01999760    
 -0.327589959       4.02999783    
 -0.323302954       4.03999805    
 -0.319073409       4.04999828    
 -0.314900815       4.05999851    
 -0.310784757       4.06999874    
 -0.306724370       4.07999897    
 -0.302719057       4.08999920    
 -0.298768401       4.09999943    
 -0.294871598       4.10999966    
 -0.291027904       4.11999989    
 -0.287236840       4.13000011    
 -0.283497781       4.14000034    
 -0.279810041       4.15000057    
 -0.276172847       4.16000080    
 -0.272585958       4.17000103    
 -0.269048363       4.18000126    
 -0.265559524       4.19000149    
 -0.262118965       4.20000172    
 -0.258726060       4.21000195    
 -0.255380064       4.22000217    
 -0.252080321       4.23000240    
 -0.248826355       4.24000263    
 -0.245617598       4.25000286    
 -0.242453381       4.26000309    
 -0.239333004       4.27000332    
 -0.236256063       4.28000355    
 -0.233221948       4.29000378    
 -0.230230048       4.30000401    
 -0.227279648       4.31000423    
 -0.224370405       4.32000446    
 -0.221501648       4.33000469    
 -0.218672693       4.34000492    
 -0.215883374       4.35000515    
 -0.213132694       4.36000538    
 -0.210420415       4.37000561    
 -0.207745850       4.38000584    
 -0.205108628       4.39000607    
 -0.202508017       4.40000629    
 -0.199943647       4.41000652    
 -0.197414950       4.42000675    
 -0.194921449       4.43000698    
 -0.192462578       4.44000721    
 -0.190037981       4.45000744    
 -0.187647015       4.46000767    
 -0.185289279       4.47000790    
 -0.182964385       4.48000813    
 -0.180671647       4.49000835    
 -0.178410783       4.50000858    
 -0.176181346       4.51000881    
 -0.173982680       4.52000904    
 -0.171814591       4.53000927    
 -0.169676408       4.54000950    
 -0.167567924       4.55000973    
 -0.165488601       4.56000996    
 -0.163437933       4.57001019    
 -0.161415577       4.58001041    
 -0.159421176       4.59001064    
 -0.157454312       4.60001087    
 -0.155514523       4.61001110    
 -0.153601408       4.62001133    
 -0.151714638       4.63001156    
 -0.149853826       4.64001179    
 -0.148018539       4.65001202    
 -0.146208420       4.66001225    
 -0.144423172       4.67001247    
 -0.142662376       4.68001270    
 -0.140925631       4.69001293    
 -0.139212653       4.70001316    
 -0.137523040       4.71001339    
 -0.135856539       4.72001362    
 -0.134212673       4.73001385    
 -0.132591322       4.74001408    
 -0.130991921       4.75001431    
 -0.129414335       4.76001453    
 -0.127858073       4.77001476    
 -0.126322955       4.78001499    
 -0.124808699       4.79001522    
 -0.123314865       4.80001545    
 -0.121841282       4.81001568    
 -0.120387554       4.82001591    
 -0.118953466       4.83001614    
 -0.117538586       4.84001637    
 -0.116142869       4.85001659    
 -0.114765882       4.86001682    
 -0.113407344       4.87001705    
 -0.112067096       4.88001728    
 -0.110744715       4.89001751    
 -0.109440029       4.90001774    
 -0.108152866       4.91001797    
 -0.106882766       4.92001820    
 -0.105629630       4.93001842    
 -0.104393207       4.94001865    
 -0.103173211       4.95001888    
 -0.101969413       4.96001911    
 -0.100781515       4.97001934    
  -9.96094644E-02   4.98001957    
  -9.84528661E-02   4.99001980    
  -9.73114893E-02   5.00002003    
  -9.61852446E-02   5.01002026    
  -9.50737894E-02   5.02002048    
  -9.39770341E-02   5.03002071    
  -9.28946212E-02   5.04002094    
  -9.18263867E-02   5.05002117    
  -9.07722190E-02   5.06002140    
  -8.97318199E-02   5.07002163    
  -8.87050405E-02   5.08002186    
  -8.76916721E-02   5.09002209    
  -8.66914913E-02   5.10002232    
  -8.57043341E-02   5.11002254    
  -8.47300068E-02   5.12002277    
  -8.37683082E-02   5.13002300    
  -8.28191191E-02   5.14002323    
  -8.18821862E-02   5.15002346    
  -8.09573531E-02   5.16002369    
  -8.00445229E-02   5.17002392    
  -7.91434199E-02   5.18002415    
  -7.82539248E-02   5.19002438    
  -7.73758441E-02   5.20002460    
  -7.65090808E-02   5.21002483    
  -7.56533667E-02   5.22002506    
  -7.48086795E-02   5.23002529    
  -7.39747286E-02   5.24002552    
  -7.31514990E-02   5.25002575    
  -7.23387301E-02   5.26002598    
  -7.15362802E-02   5.27002621    
  -7.07440078E-02   5.28002644    
  -6.99618608E-02   5.29002666    
  -6.91895783E-02   5.30002689    
  -6.84270933E-02   5.31002712    
  -6.76742271E-02   5.32002735    
  -6.69308752E-02   5.33002758    
  -6.61969036E-02   5.34002781    
  -6.54721856E-02   5.35002804    
  -6.47565275E-02   5.36002827    
  -6.40498698E-02   5.37002850    
  -6.33520484E-02   5.38002872    
  -6.26629591E-02   5.39002895    
  -6.19824864E-02   5.40002918    
  -6.13105372E-02   5.41002941    
  -6.06469251E-02   5.42002964    
  -5.99915609E-02   5.43002987    
  -5.93443401E-02   5.44003010    
  -5.87051287E-02   5.45003033    
  -5.80738559E-02   5.46003056    
  -5.74503951E-02   5.47003078    
  -5.68346120E-02   5.48003101    
  -5.62264137E-02   5.49003124    
  -5.56257442E-02   5.50003147    
  -5.50324023E-02   5.51003170    
  -5.44463806E-02   5.52003193    
  -5.38675264E-02   5.53003216    
  -5.32957651E-02   5.54003239    
  -5.27309738E-02   5.55003262    
  -5.21730930E-02   5.56003284    
  -5.16220033E-02   5.57003307    
  -5.10776117E-02   5.58003330    
  -5.05398251E-02   5.59003353    
  -5.00085801E-02   5.60003376    
  -4.94837537E-02   5.61003399    
  -4.89652790E-02   5.62003422    
  -4.84530553E-02   5.63003445    
  -4.79470193E-02   5.64003468    
  -4.74470705E-02   5.65003490    
  -4.69531342E-02   5.66003513    
  -4.64651138E-02   5.67003536    
  -4.59829494E-02   5.68003559    
  -4.55065668E-02   5.69003582    
  -4.50358540E-02   5.70003605    
  -4.45707850E-02   5.71003628    
  -4.41112369E-02   5.72003651    
  -4.36571687E-02   5.73003674    
  -4.32084799E-02   5.74003696    
  -4.27651107E-02   5.75003719    
  -4.23269980E-02   5.76003742    
  -4.18940634E-02   5.77003765    
  -4.14662361E-02   5.78003788    
  -4.10434604E-02   5.79003811    
  -4.06256616E-02   5.80003834    
  -4.02127691E-02   5.81003857    
  -3.98047306E-02   5.82003880    
  -3.94014679E-02   5.83003902    
  -3.90029214E-02   5.84003925    
  -3.86090279E-02   5.85003948    
  -3.82197425E-02   5.86003971    
  -3.78349870E-02   5.87003994    
  -3.74547057E-02   5.88004017    
  -3.70788276E-02   5.89004040    
  -3.67073193E-02   5.90004063    
  -3.63401137E-02   5.91004086    
  -3.59771587E-02   5.92004108    
  -3.56183872E-02   5.93004131    
  -3.52637507E-02   5.94004154    
  -3.49132046E-02   5.95004177    
  -3.45666707E-02   5.96004200    
  -3.42241302E-02   5.97004223    
  -3.38855051E-02   5.98004246    
  -3.35507691E-02   5.99004269    
  -3.32198367E-02   6.00004292    
  -3.28926928E-02   6.01004314    
  -3.25692780E-02   6.02004337    
  -3.22495289E-02   6.03004360    
  -3.19334269E-02   6.04004383    
  -3.16208974E-02   6.05004406    
  -3.13119143E-02   6.06004429    
  -3.10064163E-02   6.07004452    
  -3.07043716E-02   6.08004475    
  -3.04057300E-02   6.09004498    
  -3.01104579E-02   6.10004520    
  -2.98185032E-02   6.11004543    
  -2.95298249E-02   6.12004566    
  -2.92443782E-02   6.13004589    
  -2.89621186E-02   6.14004612    
  -2.86830273E-02   6.15004635    
  -2.84070484E-02   6.16004658    
  -2.81341355E-02   6.17004681    
  -2.78642531E-02   6.18004704    
  -2.75973864E-02   6.19004726    
  -2.73334719E-02   6.20004749    
  -2.70724799E-02   6.21004772    
  -2.68143751E-02   6.22004795    
  -2.65591238E-02   6.23004818    
  -2.63066795E-02   6.24004841    
  -2.60570236E-02   6.25004864    
  -2.58101020E-02   6.26004887    
  -2.55658962E-02   6.27004910    
  -2.53243688E-02   6.28004932    
  -2.50854883E-02   6.29004955    
  -2.48492174E-02   6.30004978    
  -2.46155243E-02   6.31005001    
  -2.43843738E-02   6.32005024    
  -2.41557471E-02   6.33005047    
  -2.39295941E-02   6.34005070    
  -2.37059090E-02   6.35005093    
  -2.34846398E-02   6.36005116    
  -2.32657641E-02   6.37005138    
  -2.30492521E-02   6.38005161    
  -2.28350740E-02   6.39005184    
  -2.26232111E-02   6.40005207    
  -2.24136170E-02   6.41005230    
  -2.22062860E-02   6.42005253    
  -2.20011733E-02   6.43005276    
  -2.17982549E-02   6.44005299    
  -2.15975139E-02   6.45005322    
  -2.13989131E-02   6.46005344    
  -2.12024264E-02   6.47005367    
  -2.10080389E-02   6.48005390    
  -2.08157115E-02   6.49005413    
  -2.06254348E-02   6.50005436    
  -2.04371680E-02   6.51005459    
  -2.02508979E-02   6.52005482    
  -2.00665947E-02   6.53005505    
  -1.98842399E-02   6.54005527    
  -1.97038054E-02   6.55005550    
  -1.95252690E-02   6.56005573    
  -1.93486176E-02   6.57005596    
  -1.91738103E-02   6.58005619    
  -1.90008469E-02   6.59005642    
  -1.88296884E-02   6.60005665    
  -1.86603181E-02   6.61005688    
  -1.84927080E-02   6.62005711    
  -1.83268562E-02   6.63005733    
  -1.81627292E-02   6.64005756    
  -1.80003084E-02   6.65005779    
  -1.78395677E-02   6.66005802    
  -1.76804941E-02   6.67005825    
  -1.75230727E-02   6.68005848    
  -1.73672754E-02   6.69005871    
  -1.72130838E-02   6.70005894    
  -1.70604810E-02   6.71005917    
  -1.69094540E-02   6.72005939    
  -1.67599749E-02   6.73005962    
  -1.66120287E-02   6.74005985    
  -1.64656024E-02   6.75006008    
  -1.63206737E-02   6.76006031    
  -1.61772221E-02   6.77006054    
  -1.60352401E-02   6.78006077    
  -1.58947036E-02   6.79006100    
  -1.57555938E-02   6.80006123    
  -1.56179033E-02   6.81006145    
  -1.54816071E-02   6.82006168    
  -1.53466882E-02   6.83006191    
  -1.52131449E-02   6.84006214    
  -1.50809446E-02   6.85006237    
  -1.49500789E-02   6.86006260    
  -1.48205329E-02   6.87006283    
  -1.46922888E-02   6.88006306    
  -1.45653309E-02   6.89006329    
  -1.44396517E-02   6.90006351    
  -1.43152326E-02   6.91006374    
  -1.41920615E-02   6.92006397    
  -1.40701141E-02   6.93006420    
  -1.39493896E-02   6.94006443    
  -1.38298627E-02   6.95006466    
  -1.37115335E-02   6.96006489    
  -1.35943759E-02   6.97006512    
  -1.34783797E-02   6.98006535    
  -1.33635364E-02   6.99006557    
  -1.32498294E-02   7.00006580    
  -1.31372474E-02   7.01006603    
  -1.30257728E-02   7.02006626    
  -1.29153989E-02   7.03006649    
  -1.28061166E-02   7.04006672    
  -1.26979025E-02   7.05006695    
  -1.25907557E-02   7.06006718    
  -1.24846566E-02   7.07006741    
  -1.23795960E-02   7.08006763    
  -1.22755645E-02   7.09006786    
  -1.21725509E-02   7.10006809    
  -1.20705385E-02   7.11006832    
  -1.19695188E-02   7.12006855    
  -1.18694864E-02   7.13006878    
  -1.17704188E-02   7.14006901    
  -1.16723217E-02   7.15006924    
  -1.15751643E-02   7.16006947    
  -1.14789531E-02   7.17006969    
  -1.13836695E-02   7.18006992    
  -1.12893069E-02   7.19007015    
  -1.11958506E-02   7.20007038    
  -1.11032994E-02   7.21007061    
  -1.10116331E-02   7.22007084    
  -1.09208468E-02   7.23007107    
  -1.08309332E-02   7.24007130    
  -1.07418746E-02   7.25007153    
  -1.06536718E-02   7.26007175    
  -1.05663110E-02   7.27007198    
  -1.04797846E-02   7.28007221    
  -1.03940740E-02   7.29007244    
  -1.03091840E-02   7.30007267    
  -1.02250995E-02   7.31007290    
  -1.01418141E-02   7.32007313    
  -1.00593120E-02   7.33007336    
  -9.97759588E-03   7.34007359    
  -9.89665277E-03   7.35007381    
  -9.81646869E-03   7.36007404    
  -9.73704271E-03   7.37007427    
  -9.65836085E-03   7.38007450    
  -9.58041847E-03   7.39007473    
  -9.50320903E-03   7.40007496    
  -9.42672696E-03   7.41007519    
  -9.35095642E-03   7.42007542    
  -9.27589368E-03   7.43007565    
  -9.20153596E-03   7.44007587    
  -9.12786834E-03   7.45007610    
  -9.05488431E-03   7.46007633    
  -8.98258016E-03   7.47007656    
  -8.91095120E-03   7.48007679    
  -8.83998349E-03   7.49007702    
  -8.76967423E-03   7.50007725    
  -8.70001595E-03   7.51007748    
  -8.63099750E-03   7.52007771    
  -8.56261607E-03   7.53007793    
  -8.49486887E-03   7.54007816    
  -8.42774566E-03   7.55007839    
  -8.36123247E-03   7.56007862    
  -8.29533674E-03   7.57007885    
  -8.23004264E-03   7.58007908    
  -8.16534739E-03   7.59007931    
  -8.10124166E-03   7.60007954    
  -8.03772453E-03   7.61007977    
  -7.97478482E-03   7.62007999    
  -7.91241508E-03   7.63008022    
  -7.85061624E-03   7.64008045    
  -7.78938131E-03   7.65008068    
  -7.72869727E-03   7.66008091    
  -7.66856549E-03   7.67008114    
  -7.60897668E-03   7.68008137    
  -7.54992617E-03   7.69008160    
  -7.49141257E-03   7.70008183    
  -7.43342284E-03   7.71008205    
  -7.37595884E-03   7.72008228    
  -7.31900707E-03   7.73008251    
  -7.26257078E-03   7.74008274    
  -7.20663834E-03   7.75008297    
  -7.15120975E-03   7.76008320    
  -7.09627615E-03   7.77008343    
  -7.04183290E-03   7.78008366    
  -6.98787486E-03   7.79008389    
  -6.93440111E-03   7.80008411    
  -6.88139768E-03   7.81008434    
  -6.82887156E-03   7.82008457    
  -6.77680923E-03   7.83008480    
  -6.72520557E-03   7.84008503    
  -6.67406525E-03   7.85008526    
  -6.62337290E-03   7.86008549    
  -6.57313270E-03   7.87008572    
  -6.52333116E-03   7.88008595    
  -6.47397339E-03   7.89008617    
  -6.42504776E-03   7.90008640    
  -6.37655240E-03   7.91008663    
  -6.32848265E-03   7.92008686    
  -6.28083432E-03   7.93008709    
  -6.23360556E-03   7.94008732    
  -6.18679030E-03   7.95008755    
  -6.14038110E-03   7.96008778    
  -6.09437842E-03   7.97008801    
  -6.04877714E-03   7.98008823    
  -6.00357307E-03   7.99008846    
  -5.95876342E-03   8.00008869    
